75.020
47.676
33.572
27.196
23.890
21.774
20.214
19.146
18.516
17.690
17.230
16.860
16.436
15.892
15.894
15.464
15.330
15.260
14.894
14.638
14.660
14.498
14.494
14.330
14.042
14.264
14.096
13.934
14.092
13.982
13.590
13.698
13.644
13.576
13.300
13.310
13.422
13.552
13.382
13.240
13.084
13.088
13.052
13.218
13.306
13.210
12.986
12.824
13.026
12.752
13.010
12.820
12.870
12.946
12.706
12.888
13.046
12.620
12.814
12.814
12.676
12.892
12.740
12.756
12.742
12.616
12.524
12.650
12.596
12.576
12.574
12.372
12.350
12.396
12.676
12.430
12.340
12.422
12.464
12.574
12.784
12.330
12.486
12.482
12.616
12.616
12.554
12.662
12.326
12.318
12.380
12.392
12.654
12.408
12.120
12.238
12.190
12.310
12.188
12.290
8.042
5.384
4.472
4.058
3.584
3.420
3.096
2.902
2.548
2.626
2.276
2.310
2.070
2.016
2.024
1.886
1.844
1.966
1.848
1.684
1.892
1.818
1.810
1.896
1.802
1.766
1.834
1.792
1.770
1.728
1.892
1.872
1.830
1.734
1.904
1.804
1.994
1.912
1.840
1.964
1.854
1.984
1.960
1.934
2.022
1.996
1.946
1.920
2.104
1.996
1.242
0.604
0.430
0.382
0.352
0.278
0.224
0.226
0.206
0.178
0.150
0.118
0.134
0.152
0.108
0.124
0.098
0.108
0.090
0.114
0.102
0.084
0.122
0.090
0.106
0.086
0.090
0.076
0.072
0.064
0.058
0.056
0.070
0.066
0.058
0.054
0.058
0.068
0.072
0.042
0.044
0.032
0.058
0.054
0.044
0.054
0.040
0.038
0.026
0.042
0.038
0.028
0.028
0.054
0.052
0.050
0.044
0.040
0.046
0.042
0.030
0.052
0.042
0.044
0.054
0.038
0.030
0.038
0.048
0.026
0.050
0.032
0.032
0.042
0.042
0.036
0.048
0.050
0.036
0.034
0.036
0.038
0.026
0.032
0.036
0.026
0.034
0.036
0.034
0.022
0.038
0.034
0.028
0.042
0.044
0.026
0.036
0.038
0.020
0.028
