77.562
61.140
48.306
42.194
38.484
35.416
33.478
32.616
31.838
30.776
30.420
30.036
29.126
29.232
28.718
28.238
27.706
27.822
28.034
27.442
27.834
26.850
27.298
27.220
26.914
26.852
26.326
26.314
26.822
26.798
26.346
25.894
26.640
26.318
26.214
26.102
26.050
26.584
26.118
25.760
26.246
26.090
25.670
25.776
25.658
25.572
25.662
25.618
26.120
25.640
26.160
25.626
25.866
25.414
25.902
25.616
25.052
25.778
25.864
25.492
25.544
25.640
25.438
25.350
25.006
25.310
25.942
25.532
25.620
25.274
25.756
25.424
25.630
25.238
25.316
25.136
25.450
25.168
25.600
25.016
25.270
24.924
25.374
25.394
25.810
25.206
24.890
25.302
25.272
25.100
25.134
25.612
25.152
25.134
25.032
24.934
24.970
25.412
25.022
25.192
21.238
19.280
18.144
18.294
17.964
17.580
17.616
17.262
17.370
16.626
17.184
16.858
16.772
16.782
16.732
16.332
16.548
16.450
16.342
16.536
16.368
16.238
16.432
16.154
16.276
16.254
16.068
16.296
16.310
16.196
15.946
16.106
15.946
15.520
15.738
15.818
15.808
15.978
16.066
15.860
15.930
15.844
16.046
15.854
15.918
15.910
15.800
15.664
15.836
15.796
14.630
14.100
14.150
13.858
14.068
13.742
13.638
13.726
13.762
13.524
13.566
13.686
13.470
13.460
13.516
13.190
13.804
13.482
13.452
13.214
13.294
13.438
13.490
13.252
13.386
13.324
13.250
13.412
12.984
13.320
13.200
13.066
13.262
13.262
13.106
13.302
13.150
12.988
13.098
13.070
13.220
13.204
12.948
13.138
13.134
12.858
12.910
12.980
13.058
13.142
12.800
12.986
12.976
12.762
12.766
12.740
12.780
12.876
12.882
12.792
12.852
12.664
12.544
12.792
12.820
12.796
12.562
12.916
12.786
12.934
12.980
12.888
12.708
12.934
12.736
12.812
13.052
12.748
12.870
12.942
12.766
12.860
12.812
12.636
12.720
12.700
12.574
12.656
12.920
12.924
12.800
12.608
12.542
12.914
12.630
12.686
12.990
12.550
12.758
12.694
