90.034
89.920
90.350
89.802
90.008
89.858
89.992
89.862
90.298
90.252
89.914
89.688
90.074
89.972
89.784
90.236
89.858
89.996
90.100
89.904
89.906
90.140
89.992
90.000
89.676
89.740
90.030
90.192
90.000
89.792
90.168
90.010
90.126
89.964
89.970
90.032
90.152
90.126
90.002
89.964
89.998
90.070
89.908
89.928
90.040
90.074
90.186
90.158
90.102
89.702
90.028
90.000
89.868
90.114
90.226
89.940
89.878
90.114
89.960
89.818
89.780
89.912
90.086
90.234
89.932
90.042
89.770
90.106
89.824
89.854
89.974
89.952
90.150
89.994
90.016
89.998
90.174
90.048
90.102
89.688
89.898
89.770
89.924
89.934
90.146
89.938
90.222
89.930
89.858
90.090
89.806
89.924
89.744
90.098
89.940
89.774
89.826
89.876
90.104
90.000
90.030
89.922
90.348
89.854
90.082
89.942
89.910
89.992
90.118
90.016
89.938
90.036
90.092
90.048
90.024
89.900
89.940
90.014
90.168
89.796
89.854
90.066
90.092
89.906
89.856
90.076
89.904
89.808
90.034
89.910
90.006
89.810
89.896
89.852
89.780
89.992
90.252
90.052
89.796
90.076
90.100
90.128
90.014
90.172
90.074
89.934
89.808
90.292
89.908
89.986
90.218
90.086
89.998
90.090
90.180
89.920
89.910
90.004
90.114
89.960
89.946
90.064
90.014
89.866
89.868
90.096
90.046
89.742
90.040
90.066
90.054
89.970
90.004
90.096
90.038
89.878
90.056
89.942
89.858
89.650
89.938
90.170
90.246
90.220
90.046
89.984
89.936
89.854
90.190
89.964
89.908
89.746
89.838
90.164
89.882
90.126
90.128
90.308
90.030
90.200
89.832
89.912
89.982
89.874
89.882
89.876
89.794
90.208
90.024
90.020
89.906
89.898
90.322
90.056
89.826
90.018
89.896
89.714
90.088
89.992
90.030
90.108
90.134
90.074
90.008
89.872
90.076
90.170
90.126
90.032
89.944
90.104
90.096
89.944
90.062
89.984
90.022
89.968
90.108
90.054
90.102
90.104
90.072
89.954
90.078
90.136
89.968
90.226
89.850
90.428
