83.762
73.064
57.436
47.372
41.772
38.492
36.484
35.116
33.994
33.346
32.480
31.900
31.340
31.024
30.828
30.290
29.748
29.630
29.668
29.766
29.442
29.228
29.194
29.176
29.096
28.840
28.650
28.926
28.826
28.504
28.876
28.444
28.398
28.530
28.132
28.274
28.252
28.342
28.238
28.052
28.038
28.370
28.108
28.126
28.126
28.236
28.040
27.990
28.130
27.654
28.052
27.994
27.854
27.782
27.722
27.960
27.804
27.724
27.440
27.476
27.316
27.564
27.758
27.226
27.590
27.756
27.740
27.382
27.792
27.832
27.698
27.722
27.738
27.790
28.028
27.586
27.440
27.654
27.076
28.000
27.482
27.438
27.350
27.610
27.544
27.514
27.288
27.876
27.264
27.708
27.632
27.116
27.120
27.368
27.374
27.490
27.378
27.554
27.574
27.546
23.118
20.374
20.128
19.592
19.332
19.166
19.222
18.418
18.578
18.408
18.520
18.216
18.230
18.180
17.916
18.054
17.654
18.060
17.626
17.930
17.436
17.568
17.592
17.426
17.724
17.464
17.526
17.308
17.446
17.412
17.242
17.428
17.362
17.570
17.214
17.352
17.326
17.534
17.528
17.244
17.224
17.008
17.160
17.074
17.152
17.072
16.806
16.856
16.906
16.992
16.078
14.888
14.516
14.404
14.624
14.430
14.438
13.906
13.902
14.314
14.028
13.972
13.888
13.934
14.136
13.900
13.822
13.710
13.850
13.750
13.568
13.822
13.630
13.646
13.612
13.364
13.696
13.134
13.644
13.262
13.448
13.360
13.618
13.486
13.634
13.472
13.504
13.244
13.336
13.202
13.372
13.204
13.340
13.108
13.362
13.622
13.074
13.126
13.138
13.006
13.286
13.050
13.062
13.132
13.026
12.712
13.520
12.930
12.992
12.616
12.928
12.844
13.050
12.892
12.928
12.978
12.682
12.732
12.958
12.886
12.940
13.142
12.784
13.144
12.810
12.936
12.714
12.706
12.666
13.152
13.012
13.180
13.000
12.858
12.948
12.984
12.672
12.784
12.814
13.228
12.966
13.050
13.192
12.774
12.864
13.072
13.086
12.804
12.750
12.678
