75.662
56.694
44.400
38.616
35.070
32.844
31.532
30.240
29.746
28.922
28.562
27.776
27.896
26.966
26.932
27.312
26.978
26.412
26.414
26.104
26.320
25.970
26.496
25.724
25.712
25.376
25.464
25.448
25.746
25.476
25.306
25.370
25.048
24.862
25.558
25.296
25.180
25.324
25.104
24.922
24.694
24.958
24.962
25.116
24.784
24.726
24.958
24.726
24.696
24.782
24.612
24.602
24.984
24.916
24.666
24.688
24.492
24.388
24.592
24.760
24.282
24.722
24.744
24.314
24.510
24.334
24.176
24.348
24.728
24.292
24.476
24.268
24.374
24.010
24.602
24.230
24.660
24.340
24.118
24.568
24.128
24.528
24.330
24.234
24.470
24.134
24.384
24.116
24.354
24.682
24.092
24.090
24.198
24.160
23.964
24.214
24.116
24.092
24.060
24.430
20.574
18.882
17.812
17.642
17.306
17.266
17.352
17.058
17.002
16.820
16.438
16.374
16.624
16.484
16.730
16.176
16.058
16.164
15.988
16.060
15.860
15.806
15.744
15.936
15.984
15.814
15.790
16.150
15.872
15.922
15.814
15.718
15.968
16.204
15.988
15.970
15.596
15.578
15.730
15.956
15.944
15.670
15.776
15.904
15.872
15.364
15.648
15.704
15.858
15.894
14.826
14.280
13.836
13.886
13.586
13.798
13.838
13.614
13.886
13.626
13.414
13.502
13.500
13.386
13.394
13.562
13.270
13.438
13.344
13.324
13.330
13.318
13.176
13.562
13.092
13.194
13.274
13.012
13.414
13.022
13.114
12.966
13.260
13.128
13.054
13.164
12.992
13.236
13.398
13.114
13.034
13.138
12.938
12.970
13.004
12.802
13.038
13.012
12.824
13.008
12.966
12.730
12.846
12.834
12.698
12.768
12.654
12.686
12.776
12.488
12.678
12.830
13.008
12.604
12.896
12.766
12.624
12.776
12.518
12.824
12.840
12.728
12.668
12.854
12.824
12.762
12.658
12.840
12.832
12.728
12.714
12.820
12.962
12.808
12.724
12.864
12.494
12.828
12.710
12.800
12.942
12.806
12.546
12.778
12.672
12.830
12.792
12.570
12.848
12.776
