72.496
53.082
43.602
38.404
34.770
32.504
31.466
29.748
29.802
28.906
28.416
27.808
27.486
27.134
26.932
27.050
26.226
25.888
26.164
26.154
26.296
25.742
25.674
26.076
25.526
25.452
25.666
25.406
25.290
25.088
25.392
25.220
25.288
25.474
24.862
25.366
25.184
25.070
25.042
24.818
24.706
24.912
24.822
24.724
25.128
24.572
24.438
24.478
24.848
24.496
24.556
24.870
24.448
24.736
24.660
24.714
24.248
24.572
24.218
24.398
24.718
24.292
24.272
24.550
24.192
24.244
24.566
24.306
24.276
23.910
24.304
24.032
24.142
24.350
23.756
24.386
24.456
24.122
24.574
24.434
24.282
24.244
24.324
24.430
24.160
24.058
24.218
24.268
24.226
24.292
24.198
24.364
24.220
24.282
24.088
23.936
24.318
23.816
24.144
24.152
20.884
18.294
18.106
17.456
17.596
17.268
17.132
16.990
16.474
16.630
16.586
16.718
16.650
16.500
16.156
16.122
16.128
15.960
16.184
16.216
15.930
16.052
15.842
15.828
15.854
15.888
15.980
15.632
15.738
15.984
16.104
15.878
15.802
15.770
15.754
15.684
15.660
15.832
16.120
15.462
15.690
15.528
15.684
15.486
15.642
15.762
15.636
15.404
15.490
15.736
14.772
14.114
14.012
13.888
13.664
13.798
13.948
13.438
13.624
13.448
13.348
13.296
13.420
13.604
13.078
13.484
13.334
13.180
13.218
13.144
13.410
13.276
13.210
13.334
13.384
13.348
13.354
13.138
13.126
13.480
13.248
13.410
13.140
13.202
12.992
13.298
12.936
13.028
12.876
12.938
13.020
13.020
13.130
13.064
13.086
12.904
12.668
12.808
13.070
13.092
13.044
12.904
12.722
13.028
13.060
12.782
12.984
12.772
12.892
12.910
12.674
12.718
12.600
12.828
12.814
12.990
12.940
12.920
12.718
13.032
12.444
12.988
12.710
12.532
12.680
12.760
12.778
12.658
12.964
12.778
12.668
12.824
12.682
12.512
12.810
12.886
12.804
12.774
13.010
12.694
12.900
12.766
12.534
12.696
12.842
12.870
13.044
12.762
12.646
12.538
