55.610
37.530
30.710
26.620
23.510
20.610
19.300
18.350
19.680
18.470
17.260
17.850
17.590
16.490
16.680
15.720
16.760
15.740
16.900
16.680
15.270
16.370
16.040
15.590
17.470
15.890
16.870
16.010
15.860
15.200
15.170
14.490
15.930
14.670
15.140
15.100
14.210
15.480
15.290
14.480
15.220
15.020
15.370
14.620
15.080
16.370
16.380
14.420
14.280
14.900
14.990
13.910
15.860
13.990
15.230
14.180
14.140
14.090
14.410
15.030
14.680
15.220
15.180
13.590
15.450
13.630
15.950
13.550
14.220
15.150
13.670
14.380
13.740
13.750
15.580
14.770
14.740
14.270
14.110
14.060
13.990
15.120
13.370
15.410
14.300
14.760
15.220
14.870
14.290
14.210
14.500
14.810
14.740
13.810
14.440
13.730
13.080
13.820
13.030
15.550
9.890
8.840
8.430
8.450
8.080
8.070
8.290
8.100
7.920
7.830
7.750
7.820
7.910
7.720
7.750
7.940
7.400
7.700
7.760
7.900
7.880
7.700
7.460
7.750
7.660
7.620
7.960
7.750
7.840
8.250
7.780
8.620
7.900
8.110
7.950
7.820
8.600
8.330
7.740
7.780
7.720
7.810
7.960
8.070
7.770
7.880
7.850
7.660
7.880
8.000
6.700
6.490
6.450
6.750
6.510
6.430
6.260
6.480
6.450
6.430
6.450
6.320
6.230
6.220
6.260
6.380
6.360
6.130
6.180
6.130
6.330
6.180
6.320
6.080
6.380
6.320
6.200
5.990
6.060
5.980
6.190
6.110
6.250
6.250
6.180
6.150
6.150
6.140
6.120
6.040
6.130
6.190
5.980
6.090
6.250
6.170
6.060
6.030
6.070
6.180
5.930
5.960
5.950
6.040
6.170
6.010
6.010
5.930
5.990
5.890
5.910
5.890
6.050
6.030
6.070
5.920
5.950
5.910
5.940
5.970
5.880
5.870
5.970
5.960
6.010
5.930
6.100
6.000
6.100
5.930
6.030
6.010
6.030
5.940
5.890
6.150
5.920
5.880
5.910
5.880
6.070
5.890
5.880
5.860
5.890
5.940
5.850
5.850
5.860
5.900
